a0=1;
a1=2;
a2=1;
a3=2;
a4=0.01;
a5=1;
k=1;
a6=1;
a7=1;